{
  "accessors": [
    {
      "bufferView": 2,
      "componentType": 5126,
      "count": 65532,
      "max": [
        1.223090410232544,
        0.6321147084236145,
        -9.246915817260742
      ],
      "min": [
        -0.7413012981414795,
        -1.096396565437317,
        -10.414857864379883
      ],
      "type": "VEC3"
    },
    {
      "bufferView": 2,
      "byteOffset": 786384,
      "componentType": 5126,
      "count": 65532,
      "max": [
        0.9829808473587036,
        0.9965060949325562,
        0.9999635815620422
      ],
      "min": [
        -0.9924489855766296,
        -0.9999533891677856,
        -0.9998968243598938
      ],
      "type": "VEC3"
    },
    {
      "bufferView": 1,
      "componentType": 5126,
      "count": 65532,
      "max": [
        0.9812467098236084,
        0.9206966161727905
      ],
      "min": [
        0.18636661767959595,
        0.001783108338713646
      ],
      "type": "VEC2"
    },
    {
      "bufferView": 0,
      "componentType": 5125,
      "count": 344610,
      "type": "SCALAR"
    },
    {
      "bufferView": 2,
      "byteOffset": 1572768,
      "componentType": 5126,
      "count": 65532,
      "max": [
        1.1022027730941772,
        0.6774845719337463,
        -9.280543327331543
      ],
      "min": [
        -0.7929457426071167,
        -0.7685936689376831,
        -10.241521835327148
      ],
      "type": "VEC3"
    },
    {
      "bufferView": 2,
      "byteOffset": 2359152,
      "componentType": 5126,
      "count": 65532,
      "max": [
        0.995469331741333,
        0.9997733235359192,
        0.9999412894248962
      ],
      "min": [
        -0.9998428225517273,
        -0.9999735951423645,
        -0.9856940507888794
      ],
      "type": "VEC3"
    },
    {
      "bufferView": 1,
      "byteOffset": 524256,
      "componentType": 5126,
      "count": 65532,
      "max": [
        0.9829243421554565,
        0.9998794198036194
      ],
      "min": [
        0.0005383938550949097,
        0.02124827355146408
      ],
      "type": "VEC2"
    },
    {
      "bufferView": 0,
      "byteOffset": 1378440,
      "componentType": 5125,
      "count": 345030,
      "type": "SCALAR"
    },
    {
      "bufferView": 2,
      "byteOffset": 3145536,
      "componentType": 5126,
      "count": 65532,
      "max": [
        1.2481874227523804,
        0.29819926619529724,
        -9.316291809082031
      ],
      "min": [
        -0.790723979473114,
        -1.1640924215316772,
        -10.401450157165527
      ],
      "type": "VEC3"
    },
    {
      "bufferView": 2,
      "byteOffset": 3931920,
      "componentType": 5126,
      "count": 65532,
      "max": [
        1.0,
        0.999854564666748,
        1.0
      ],
      "min": [
        -1.0,
        -0.9999132752418518,
        -1.0
      ],
      "type": "VEC3"
    },
    {
      "bufferView": 1,
      "byteOffset": 1048512,
      "componentType": 5126,
      "count": 65532,
      "max": [
        0.9637768268585205,
        0.9999898672103882
      ],
      "min": [
        0.0,
        0.0
      ],
      "type": "VEC2"
    },
    {
      "bufferView": 0,
      "byteOffset": 2758560,
      "componentType": 5125,
      "count": 323595,
      "type": "SCALAR"
    },
    {
      "bufferView": 2,
      "byteOffset": 4718304,
      "componentType": 5126,
      "count": 65532,
      "max": [
        1.2475969791412354,
        -0.12597081065177917,
        -9.479771614074707
      ],
      "min": [
        -0.2973882853984833,
        -1.2655566930770874,
        -10.411367416381836
      ],
      "type": "VEC3"
    },
    {
      "bufferView": 2,
      "byteOffset": 5504688,
      "componentType": 5126,
      "count": 65532,
      "max": [
        0.9998757839202881,
        0.9999837875366211,
        1.0
      ],
      "min": [
        -0.9999620914459229,
        -0.9999064207077026,
        -1.0
      ],
      "type": "VEC3"
    },
    {
      "bufferView": 1,
      "byteOffset": 1572768,
      "componentType": 5126,
      "count": 65532,
      "max": [
        0.9575262069702148,
        0.9993484616279602
      ],
      "min": [
        0.0,
        0.0
      ],
      "type": "VEC2"
    },
    {
      "bufferView": 0,
      "byteOffset": 4052940,
      "componentType": 5125,
      "count": 334302,
      "type": "SCALAR"
    },
    {
      "bufferView": 2,
      "byteOffset": 6291072,
      "componentType": 5126,
      "count": 65532,
      "max": [
        1.2473312616348267,
        0.6765363812446594,
        -9.246915817260742
      ],
      "min": [
        -0.7954456806182861,
        -1.2649732828140259,
        -10.414857864379883
      ],
      "type": "VEC3"
    },
    {
      "bufferView": 2,
      "byteOffset": 7077456,
      "componentType": 5126,
      "count": 65532,
      "max": [
        0.9980525970458984,
        0.999881386756897,
        1.0
      ],
      "min": [
        -1.0,
        -1.0,
        -1.0
      ],
      "type": "VEC3"
    },
    {
      "bufferView": 1,
      "byteOffset": 2097024,
      "componentType": 5126,
      "count": 65532,
      "max": [
        0.9828401207923889,
        0.9999581575393677
      ],
      "min": [
        0.0,
        0.0
      ],
      "type": "VEC2"
    },
    {
      "bufferView": 0,
      "byteOffset": 5390148,
      "componentType": 5125,
      "count": 234273,
      "type": "SCALAR"
    },
    {
      "bufferView": 2,
      "byteOffset": 7863840,
      "componentType": 5126,
      "count": 991,
      "max": [
        1.207462191581726,
        0.5803005695343018,
        -9.252521514892578
      ],
      "min": [
        -0.7350178956985474,
        -1.216868281364441,
        -10.400346755981445
      ],
      "type": "VEC3"
    },
    {
      "bufferView": 2,
      "byteOffset": 7875732,
      "componentType": 5126,
      "count": 991,
      "max": [
        0.8872581720352173,
        0.9168267846107483,
        0.9986209273338318
      ],
      "min": [
        -0.6398538947105408,
        -0.6766157746315002,
        -0.9500217437744141
      ],
      "type": "VEC3"
    },
    {
      "bufferView": 1,
      "byteOffset": 2621280,
      "componentType": 5126,
      "count": 991,
      "max": [
        0.9451524615287781,
        0.9659413695335388
      ],
      "min": [
        0.010941118001937866,
        0.0024296995252370834
      ],
      "type": "VEC2"
    },
    {
      "bufferView": 0,
      "byteOffset": 6327240,
      "componentType": 5125,
      "count": 1374,
      "type": "SCALAR"
    }
  ],
  "asset": {
    "extras": {
      "author": "DHlab (https://sketchfab.com/dhlab)",
      "license": "COPYRIGHT TO DHlab",
      "source": "https://sketchfab.com/3d-models/65475b7a2702483390f7facbf813e995",
      "title": "Монета «сянфу юаньбао»"
    },
    "generator": "Sketchfab-12.68.0",
    "version": "2.0"
  },
  "bufferViews": [
    {
      "buffer": 0,
      "byteLength": 6332736,
      "name": "floatBufferViews",
      "target": 34963
    },
    {
      "buffer": 0,
      "byteLength": 2629208,
      "byteOffset": 6332736,
      "byteStride": 8,
      "name": "floatBufferViews",
      "target": 34962
    },
    {
      "buffer": 0,
      "byteLength": 7887624,
      "byteOffset": 8961944,
      "byteStride": 12,
      "name": "floatBufferViews",
      "target": 34962
    }
  ],
  "buffers": [
    {
      "byteLength": 16849568,
      "uri": "scene.bin"
    }
  ],
  "images": [
    {
      "uri": "textures/material0_baseColor.png"
    }
  ],
  "materials": [
    {
      "doubleSided": true,
      "name": "material0",
      "pbrMetallicRoughness": {
        "baseColorTexture": {
          "index": 0
        },
        "metallicFactor": 0.5,
        "roughnessFactor": 0.5
      }
    }
  ],
  "meshes": [
    {
      "name": "Model_material0_0",
      "primitives": [
        {
          "attributes": {
            "NORMAL": 1,
            "POSITION": 0,
            "TEXCOORD_0": 2
          },
          "indices": 3,
          "material": 0,
          "mode": 4
        }
      ]
    },
    {
      "name": "Model_material0_0",
      "primitives": [
        {
          "attributes": {
            "NORMAL": 5,
            "POSITION": 4,
            "TEXCOORD_0": 6
          },
          "indices": 7,
          "material": 0,
          "mode": 4
        }
      ]
    },
    {
      "name": "Model_material0_0",
      "primitives": [
        {
          "attributes": {
            "NORMAL": 9,
            "POSITION": 8,
            "TEXCOORD_0": 10
          },
          "indices": 11,
          "material": 0,
          "mode": 4
        }
      ]
    },
    {
      "name": "Model_material0_0",
      "primitives": [
        {
          "attributes": {
            "NORMAL": 13,
            "POSITION": 12,
            "TEXCOORD_0": 14
          },
          "indices": 15,
          "material": 0,
          "mode": 4
        }
      ]
    },
    {
      "name": "Model_material0_0",
      "primitives": [
        {
          "attributes": {
            "NORMAL": 17,
            "POSITION": 16,
            "TEXCOORD_0": 18
          },
          "indices": 19,
          "material": 0,
          "mode": 4
        }
      ]
    },
    {
      "name": "Model_material0_0",
      "primitives": [
        {
          "attributes": {
            "NORMAL": 21,
            "POSITION": 20,
            "TEXCOORD_0": 22
          },
          "indices": 23,
          "material": 0,
          "mode": 4
        }
      ]
    }
  ],
  "nodes": [
    {
      "children": [
        1
      ],
      "matrix": [
        0.2760680019855499,
        0.06542555987834951,
        -0.95890873670578,
        0.0,
        -0.4453285336494446,
        0.8928349614143372,
        -0.06729184091091137,
        0.0,
        0.8517446517944336,
        0.44560655951499933,
        0.2756190299987794,
        0.0,
        -8.080974578857422,
        5.168844223022462,
        -2.768954515457152,
        1.0
      ],
      "name": "Sketchfab_model"
    },
    {
      "children": [
        2
      ],
      "matrix": [
        1.0,
        0.0,
        0.0,
        0.0,
        0.0,
        -1.0,
        0.0,
        0.0,
        0.0,
        0.0,
        -1.0,
        0.0,
        0.0,
        0.0,
        0.0,
        1.0
      ],
      "name": "model.fbx"
    },
    {
      "children": [
        3,
        10,
        12,
        14,
        16,
        18,
        20,
        22,
        24,
        26,
        28,
        30,
        32,
        34,
        36,
        38,
        40,
        42,
        44,
        46,
        48,
        50,
        52,
        54,
        56,
        58,
        60,
        62,
        64,
        66,
        68,
        70,
        72,
        74,
        76,
        78,
        80,
        82,
        84,
        86,
        88,
        90,
        92,
        94,
        96,
        98,
        100,
        102,
        104,
        106,
        108,
        110,
        112,
        114,
        116,
        118,
        120,
        122,
        124,
        126,
        128,
        130,
        132,
        134,
        136,
        138,
        140,
        142,
        144,
        146,
        148,
        150,
        152,
        154,
        156,
        158,
        160,
        162,
        164,
        166,
        168,
        170,
        172,
        174,
        176,
        178,
        180,
        182,
        184,
        186,
        188,
        190,
        192,
        194,
        196,
        198,
        200,
        202,
        204,
        206,
        208,
        210,
        212,
        214,
        216,
        218,
        220,
        222,
        224,
        226,
        228,
        230,
        232,
        234,
        236,
        238,
        240,
        242,
        244,
        246,
        248,
        250,
        252,
        254,
        256,
        258,
        260,
        262,
        264,
        266,
        268,
        270,
        272,
        274,
        276,
        278,
        280,
        282,
        284,
        286,
        288,
        290,
        292,
        294,
        296,
        298,
        300,
        302,
        304,
        306,
        308,
        310,
        312,
        314,
        316,
        318,
        320,
        322,
        324,
        326,
        328,
        330,
        332,
        334,
        336,
        338,
        340,
        342,
        344,
        346,
        348,
        350,
        352,
        354,
        356,
        358,
        360,
        362,
        364,
        366,
        368,
        370,
        372,
        374,
        376,
        378,
        380,
        382,
        384,
        386,
        388,
        390,
        392,
        394,
        396,
        398,
        400,
        402,
        404,
        406,
        408,
        410,
        412,
        414,
        416,
        418,
        420,
        422
      ],
      "name": "RootNode"
    },
    {
      "children": [
        4,
        5,
        6,
        7,
        8,
        9
      ],
      "name": "Model"
    },
    {
      "mesh": 0,
      "name": "Model_material0_0"
    },
    {
      "mesh": 1,
      "name": "Model_material0_0"
    },
    {
      "mesh": 2,
      "name": "Model_material0_0"
    },
    {
      "mesh": 3,
      "name": "Model_material0_0"
    },
    {
      "mesh": 4,
      "name": "Model_material0_0"
    },
    {
      "mesh": 5,
      "name": "Model_material0_0"
    },
    {
      "children": [
        11
      ],
      "matrix": [
        0.23784096889655826,
        0.6101426120402136,
        -0.7557497380000153,
        0.0,
        0.13461075154802343,
        -0.7912746243036604,
        -0.5964599018381518,
        0.0,
        -0.9619311924883311,
        0.04013056074672816,
        -0.27032927886585,
        0.0,
        -2.044904947280884,
        -6.230551719665527,
        -2.848376512527466,
        1.0
      ],
      "name": "623A5741"
    },
    {
      "name": "Object_11"
    },
    {
      "children": [
        13
      ],
      "matrix": [
        -0.024305708855132835,
        0.607247266960625,
        -0.7941410386612073,
        0.0,
        0.08538688169197678,
        -0.7902118194061565,
        -0.6068561286711476,
        0.0,
        -0.9960513605994272,
        -0.082559295295342,
        -0.032644292125372454,
        0.0,
        0.44083157181739807,
        -6.242952346801758,
        -2.4600555896759033,
        1.0
      ],
      "name": "623A5742"
    },
    {
      "name": "Object_13"
    },
    {
      "children": [
        15
      ],
      "matrix": [
        -0.1449413054693116,
        0.5956818694759456,
        -0.7900348905880641,
        0.0,
        0.06216493749112317,
        -0.7914065714966914,
        -0.6081210069867486,
        0.0,
        -0.9874854624325244,
        -0.13725432222518513,
        0.07767697544915497,
        0.0,
        1.576003909111023,
        -6.142029285430908,
        -2.4893250465393066,
        1.0
      ],
      "name": "623A5743"
    },
    {
      "name": "Object_15"
    },
    {
      "children": [
        17
      ],
      "matrix": [
        -0.27506619166254764,
        0.5761681177360607,
        -0.7696550463088949,
        0.0,
        0.03696349420202327,
        -0.7936059475989263,
        -0.6073082413667602,
        0.0,
        -0.9607144686641496,
        -0.19549910495983092,
        0.1969969788074566,
        0.0,
        2.792452096939087,
        -5.956478118896484,
        -2.685340642929077,
        1.0
      ],
      "name": "623A5744"
    },
    {
      "name": "Object_17"
    },
    {
      "children": [
        19
      ],
      "matrix": [
        -0.37934781104889037,
        0.55305056578058,
        -0.7417751073891571,
        0.0,
        0.017359379448752987,
        -0.7973034850376,
        -0.6033289357324507,
        0.0,
        -0.925091287494142,
        -0.24174826666736976,
        0.2928547171649327,
        0.0,
        3.794910192489624,
        -5.758354663848877,
        -2.9442172050476074,
        1.0
      ],
      "name": "623A5745"
    },
    {
      "name": "Object_19"
    },
    {
      "children": [
        21
      ],
      "matrix": [
        -0.502538443129541,
        0.5186442611225919,
        -0.691710375505195,
        0.0,
        -0.006629563488822099,
        -0.8023651152480753,
        -0.5967966745223122,
        0.0,
        -0.8645294454585597,
        -0.2953275338290414,
        0.40665770089544784,
        0.0,
        4.946462154388428,
        -5.451516151428223,
        -3.3866071701049805,
        1.0
      ],
      "name": "623A5747"
    },
    {
      "name": "Object_21"
    },
    {
      "children": [
        23
      ],
      "matrix": [
        -0.5930746349868166,
        0.48570573414592044,
        -0.6421467255643576,
        0.0,
        -0.024707488381076698,
        -0.8081549992740074,
        -0.5884513889577689,
        0.0,
        -0.8047683004151898,
        -0.3331297599527863,
        0.4912967999902359,
        0.0,
        5.816764831542969,
        -5.162087440490723,
        -3.83569073677063,
        1.0
      ],
      "name": "623A5748"
    },
    {
      "name": "Object_23"
    },
    {
      "children": [
        25
      ],
      "matrix": [
        -0.6793711080862168,
        0.44842299486049886,
        -0.5808370814419883,
        0.0,
        -0.04098037661085929,
        -0.8135028163569604,
        -0.580115313116389,
        0.0,
        -0.7326496476697018,
        -0.3703106607426187,
        0.5710468529900389,
        0.0,
        6.663765907287598,
        -4.790947914123535,
        -4.422863960266113,
        1.0
      ],
      "name": "623A5749"
    },
    {
      "name": "Object_25"
    },
    {
      "children": [
        27
      ],
      "matrix": [
        -0.7565332215205882,
        0.40690523623146935,
        -0.5119429787223304,
        0.0,
        -0.057549176516277,
        -0.8212289834524258,
        -0.5676892186927576,
        0.0,
        -0.6514181276399811,
        -0.4000138565913777,
        0.644704069722624,
        0.0,
        7.397716045379639,
        -4.4066572189331055,
        -5.0620551109313965,
        1.0
      ],
      "name": "623A5750"
    },
    {
      "name": "Object_27"
    },
    {
      "children": [
        29
      ],
      "matrix": [
        -0.8333596284018534,
        0.35562935489820346,
        -0.4231305846716974,
        0.0,
        -0.0734829931976286,
        -0.8300151382346144,
        -0.5528789379349617,
        0.0,
        -0.5478247707621864,
        -0.4296540843935521,
        0.7178338166339729,
        0.0,
        8.159363746643066,
        -3.921682357788086,
        -5.907861232757568,
        1.0
      ],
      "name": "623A5751"
    },
    {
      "name": "Object_29"
    },
    {
      "children": [
        31
      ],
      "matrix": [
        -0.8690191213334229,
        0.32756524809499965,
        -0.3708190596468138,
        0.0,
        -0.08267894109595378,
        -0.8350660727167651,
        -0.5439015047751297,
        0.0,
        -0.4878216471786975,
        -0.4420018805818138,
        0.7527711326200032,
        0.0,
        8.575242042541504,
        -3.6799402236938477,
        -6.372445106506348,
        1.0
      ],
      "name": "623A5753"
    },
    {
      "name": "Object_31"
    },
    {
      "children": [
        33
      ],
      "matrix": [
        -0.9015773848623014,
        0.2982776633829699,
        -0.31335068953434553,
        0.0,
        -0.09225107259714933,
        -0.8402056897808419,
        -0.5343633019440757,
        0.0,
        -0.42266766934499445,
        -0.4528629311245243,
        0.7850268829178877,
        0.0,
        8.881570816040039,
        -3.393282175064087,
        -6.924097061157227,
        1.0
      ],
      "name": "623A5754"
    },
    {
      "name": "Object_33"
    },
    {
      "children": [
        35
      ],
      "matrix": [
        -0.9232726453345126,
        0.2734825513824807,
        -0.26976826437952456,
        0.0,
        -0.09652909022852599,
        -0.8448913110604528,
        -0.5261566375464658,
        0.0,
        -0.3718195222371538,
        -0.45974554547475366,
        0.806464057661255,
        0.0,
        9.100740432739258,
        -3.1570322513580322,
        -7.337270259857178,
        1.0
      ],
      "name": "623A5755"
    },
    {
      "name": "Object_35"
    },
    {
      "children": [
        37
      ],
      "matrix": [
        -0.9408454363997767,
        0.25050828309439876,
        -0.22815666746078267,
        0.0,
        -0.10040496097235938,
        -0.8492305250791226,
        -0.5183882320095401,
        0.0,
        -0.323618152485074,
        -0.46481514107754107,
        0.8241469383594244,
        0.0,
        9.278264045715332,
        -2.9359233379364014,
        -7.732245445251465,
        1.0
      ],
      "name": "623A5756"
    },
    {
      "name": "Object_37"
    },
    {
      "children": [
        39
      ],
      "matrix": [
        -0.9489511049785218,
        0.2386199576657958,
        -0.20628212759135686,
        0.0,
        -0.10230198097219297,
        -0.8514673919331062,
        -0.5143321739535642,
        0.0,
        -0.298372426757581,
        -0.46697301450748546,
        0.8324122167968125,
        0.0,
        9.36030387878418,
        -2.824462652206421,
        -7.940920352935791,
        1.0
      ],
      "name": "623A5757"
    },
    {
      "name": "Object_39"
    },
    {
      "children": [
        41
      ],
      "matrix": [
        -0.9664775755536319,
        0.20916740968850867,
        -0.14889624130975943,
        0.0,
        -0.10770313975105865,
        -0.8567194154047135,
        -0.504412407615406,
        0.0,
        -0.2330689375265148,
        -0.4714666881051153,
        0.8505280902871201,
        0.0,
        9.529550552368164,
        -2.532447576522827,
        -8.494754791259766,
        1.0
      ],
      "name": "623A5758"
    },
    {
      "name": "Object_41"
    },
    {
      "children": [
        43
      ],
      "matrix": [
        -0.9867475297160291,
        0.15494022311922262,
        -0.04819584898183466,
        0.0,
        -0.11248004579139453,
        -0.8672189741550882,
        -0.4850561721740713,
        0.0,
        -0.11695106625456689,
        -0.47320690836584584,
        0.8731538638617812,
        0.0,
        9.744915962219238,
        -2.0198893547058105,
        -9.44604778289795,
        1.0
      ],
      "name": "623A5759"
    },
    {
      "name": "Object_43"
    },
    {
      "children": [
        45
      ],
      "matrix": [
        -0.9922437558584976,
        0.1237282069265953,
        0.01198581538951823,
        0.0,
        -0.11458894873305016,
        -0.8730329932092806,
        -0.47400713665123073,
        0.0,
        -0.04818404080270146,
        -0.4717040635597427,
        0.8804394213307067,
        0.0,
        9.807438850402832,
        -1.718047857284546,
        -10.020238876342773,
        1.0
      ],
      "name": "623A5760"
    },
    {
      "name": "Object_45"
    },
    {
      "children": [
        47
      ],
      "matrix": [
        -0.9920823933059733,
        0.0785324143257636,
        0.09800604467306677,
        0.0,
        -0.11503894328516873,
        -0.8813243997856319,
        -0.4582939491967218,
        0.0,
        0.05038418819554698,
        -0.46593986977147844,
        0.8833807057759488,
        0.0,
        9.743363380432129,
        -1.2630876302719116,
        -10.840420722961426,
        1.0
      ],
      "name": "623A5761"
    },
    {
      "name": "Object_47"
    },
    {
      "children": [
        49
      ],
      "matrix": [
        -0.9771633412251708,
        0.017024734136122002,
        0.211806428120714,
        0.0,
        -0.11022617935519226,
        -0.8927977077132958,
        -0.4367636002308819,
        0.0,
        0.18166450933084818,
        -0.4501359922617597,
        0.8742857625056599,
        0.0,
        9.597857475280762,
        -0.6884129047393799,
        -11.94759750366211,
        1.0
      ],
      "name": "623A5762"
    },
    {
      "name": "Object_49"
    },
    {
      "children": [
        51
      ],
      "matrix": [
        -0.9380811950559775,
        -0.04759558551670287,
        0.34313019645853277,
        0.0,
        -0.10476168769875888,
        -0.9051588070471772,
        -0.41196179776216935,
        0.0,
        0.33019488226327315,
        -0.4224005140435473,
        0.8441262615645186,
        0.0,
        9.286925315856934,
        -0.07093489915132523,
        -13.208478927612305,
        1.0
      ],
      "name": "623A5763"
    },
    {
      "name": "Object_51"
    },
    {
      "children": [
        53
      ],
      "matrix": [
        -0.8737242615844028,
        -0.10803852745370035,
        0.4742716429478225,
        0.0,
        -0.09646017596491083,
        -0.9171745677634697,
        -0.38663451307495994,
        0.0,
        0.47676131257853677,
        -0.3835602805733787,
        0.790936256593957,
        0.0,
        8.67948055267334,
        0.5180412530899048,
        -14.466596603393555,
        1.0
      ],
      "name": "623A5764"
    },
    {
      "name": "Object_53"
    },
    {
      "children": [
        55
      ],
      "matrix": [
        -0.7746143274439496,
        -0.16829212932829482,
        0.6096313664213044,
        0.0,
        -0.08350669620841703,
        -0.9282878319655412,
        -0.3623649165041657,
        0.0,
        0.6268965428257787,
        -0.3316013574020231,
        0.7050115349143037,
        0.0,
        7.554427623748779,
        1.0177723169326782,
        -15.68506145477295,
        1.0
      ],
      "name": "623A5765"
    },
    {
      "name": "Object_55"
    },
    {
      "children": [
        57
      ],
      "matrix": [
        -0.6654545380796681,
        -0.2138053557073375,
        0.7151625882413271,
        0.0,
        -0.06264873704000902,
        -0.9387215985651569,
        -0.33893494380864264,
        0.0,
        0.7438046742905471,
        -0.2703498294028218,
        0.6112819122511299,
        0.0,
        6.625245094299316,
        1.4348208904266357,
        -16.61712646484375,
        1.0
      ],
      "name": "623A5766"
    },
    {
      "name": "Object_57"
    },
    {
      "children": [
        59
      ],
      "matrix": [
        -0.46595359759198174,
        -0.2626883552454867,
        0.8449154235244563,
        0.0,
        -0.03019923083903439,
        -0.9496347543069545,
        -0.31190036849786135,
        0.0,
        0.8842936454299675,
        -0.17084689470631875,
        0.43455274388891774,
        0.0,
        4.798726558685303,
        1.9219156503677368,
        -17.832740783691406,
        1.0
      ],
      "name": "623A5767"
    },
    {
      "name": "Object_59"
    },
    {
      "children": [
        61
      ],
      "matrix": [
        -0.3193783357940567,
        -0.28111742804468964,
        0.9049698725786163,
        0.0,
        -0.006079522814811195,
        -0.954357536625634,
        -0.2986046411029061,
        0.0,
        0.9476077870235989,
        -0.10086963832288626,
        0.3030920619825722,
        0.0,
        3.397735357284546,
        2.1309211254119873,
        -18.411235809326172,
        1.0
      ],
      "name": "623A5768"
    },
    {
      "name": "Object_61"
    },
    {
      "children": [
        63
      ],
      "matrix": [
        -0.15564467571762153,
        -0.2889398814712769,
        0.9446102263982329,
        0.0,
        0.023039311304093896,
        -0.9570658273905559,
        -0.28895361595914265,
        0.0,
        0.9875443914353367,
        -0.023210922786375376,
        0.15561917622200494,
        0.0,
        1.872056007385254,
        2.20436692237854,
        -18.807294845581055,
        1.0
      ],
      "name": "623A5769"
    },
    {
      "name": "Object_63"
    },
    {
      "children": [
        65
      ],
      "matrix": [
        0.009683599680713972,
        -0.2851639082954531,
        0.9584298478777077,
        0.0,
        0.05301437979516087,
        -0.9569803970712589,
        -0.28526828627849515,
        0.0,
        0.9985467958148772,
        0.0535729878483313,
        0.0058507726707189844,
        0.0,
        0.32647302746772766,
        2.1711931228637695,
        -18.99303436279297,
        1.0
      ],
      "name": "623A5770"
    },
    {
      "name": "Object_65"
    },
    {
      "children": [
        67
      ],
      "matrix": [
        0.17759717157135702,
        -0.26768793813006764,
        0.9469965218677031,
        0.0,
        0.08446549438735945,
        -0.9545964755560039,
        -0.2856766513279567,
        0.0,
        0.9804717359045864,
        0.13072389466248727,
        -0.1469232400150433,
        0.0,
        -1.2309601306915283,
        2.0147745609283447,
        -18.915910720825195,
        1.0
      ],
      "name": "623A5771"
    },
    {
      "name": "Object_67"
    },
    {
      "children": [
        69
      ],
      "matrix": [
        0.3344936093753228,
        -0.23759755644529051,
        0.911954728294281,
        0.0,
        0.11458131719795056,
        -0.9502630714784353,
        -0.2896052774615019,
        0.0,
        0.9354064074167183,
        0.20136408854509746,
        -0.29063268365438644,
        0.0,
        -2.6614816188812256,
        1.739741325378418,
        -18.61195182800293,
        1.0
      ],
      "name": "623A5772"
    },
    {
      "name": "Object_69"
    },
    {
      "children": [
        71
      ],
      "matrix": [
        0.498375260655179,
        -0.19469751321565898,
        0.8448165350622114,
        0.0,
        0.14491205644647287,
        -0.9420400711727548,
        -0.30259048266805305,
        0.0,
        0.8547646433161216,
        0.27322771208731617,
        -0.4412754489932498,
        0.0,
        -4.217957019805908,
        1.3223323822021484,
        -18.05340576171875,
        1.0
      ],
      "name": "623A5773"
    },
    {
      "name": "Object_71"
    },
    {
      "children": [
        73
      ],
      "matrix": [
        0.5389597937080142,
        -0.1746934851463267,
        0.8240173098992795,
        0.0,
        0.15528204345881774,
        -0.940885702663175,
        -0.30103418660225,
        0.0,
        0.827894816836939,
        0.2902004148368065,
        -0.4799728028577006,
        0.0,
        -4.595615386962891,
        1.1828340291976929,
        -17.853191375732422,
        1.0
      ],
      "name": "623A5774"
    },
    {
      "name": "Object_73"
    },
    {
      "children": [
        75
      ],
      "matrix": [
        0.6087246022842572,
        -0.14604214159203394,
        0.7798243721845869,
        0.0,
        0.16914662837342115,
        -0.9364251726367812,
        -0.3074041544320401,
        0.0,
        0.7751411333968651,
        0.31902913492561474,
        -0.5453225049315651,
        0.0,
        -5.257740020751953,
        0.918423056602478,
        -17.44736099243164,
        1.0
      ],
      "name": "623A5775"
    },
    {
      "name": "Object_75"
    },
    {
      "children": [
        77
      ],
      "matrix": [
        0.6910161992490582,
        -0.10667797134594777,
        0.7149240678595868,
        0.0,
        0.18518393275358846,
        -0.9299152335007501,
        -0.31774922431559177,
        0.0,
        0.6987156241456894,
        0.35196231180732823,
        -0.6228314440054716,
        0.0,
        -6.049246311187744,
        0.5509223937988281,
        -16.843074798583984,
        1.0
      ],
      "name": "623A5776"
    },
    {
      "name": "Object_77"
    },
    {
      "children": [
        79
      ],
      "matrix": [
        0.7653676690093856,
        -0.06381334525200393,
        0.6404218829825292,
        0.0,
        0.19969200043729723,
        -0.9224157084803304,
        -0.33056370900339416,
        0.0,
        0.6118295810080534,
        0.3808899023556266,
        -0.6932441460892629,
        0.0,
        -6.865045070648193,
        0.14068400859832764,
        -16.25206756591797,
        1.0
      ],
      "name": "623A5778"
    },
    {
      "name": "Object_79"
    },
    {
      "children": [
        81
      ],
      "matrix": [
        0.8271292413933686,
        -0.018306702917420342,
        0.5617135236580332,
        0.0,
        0.21308633265005178,
        -0.9146292648156011,
        -0.3435804458647559,
        0.0,
        0.5200494523310085,
        0.4038789083019393,
        -0.7526157017755155,
        0.0,
        -7.512332439422607,
        -0.2882382869720459,
        -15.531173706054688,
        1.0
      ],
      "name": "623A5780"
    },
    {
      "name": "Object_81"
    },
    {
      "children": [
        83
      ],
      "matrix": [
        0.8814740120692459,
        0.03235273628707247,
        0.47112298447569506,
        0.0,
        0.2250299525400229,
        -0.9058732443303632,
        -0.3588247283371338,
        0.0,
        0.41516874461642933,
        0.4223114557540702,
        -0.8057840578172892,
        0.0,
        -8.042241096496582,
        -0.7663675546646118,
        -14.672696113586426,
        1.0
      ],
      "name": "623A5781"
    },
    {
      "name": "Object_83"
    },
    {
      "children": [
        85
      ],
      "matrix": [
        0.9159228593221467,
        0.07383376471769507,
        0.3945046146228902,
        0.0,
        0.23267195490992285,
        -0.898590910711458,
        -0.37201900030125895,
        0.0,
        0.3270306975951003,
        0.4325308663833893,
        -0.8402190026749561,
        0.0,
        -8.389315605163574,
        -1.161490797996521,
        -13.944212913513184,
        1.0
      ],
      "name": "623A5782"
    },
    {
      "name": "Object_85"
    },
    {
      "children": [
        87
      ],
      "matrix": [
        0.9345524778728898,
        0.10365444554719892,
        0.3403930404986928,
        0.0,
        0.23784524197564177,
        -0.8934902836650056,
        -0.3809261790239376,
        0.0,
        0.2646531824316314,
        0.43695636957770895,
        -0.8596672752375065,
        0.0,
        -8.57851791381836,
        -1.4497720003128052,
        -13.427077293395996,
        1.0
      ],
      "name": "623A5783"
    },
    {
      "name": "Object_87"
    },
    {
      "children": [
        89
      ],
      "matrix": [
        0.954520744163712,
        0.14715942412683486,
        0.2592956861419251,
        0.0,
        0.24378359431259805,
        -0.8859086847985453,
        -0.3946331984799842,
        0.0,
        0.17163830605428387,
        0.4398976086422502,
        -0.8814932704256149,
        0.0,
        -8.779308319091797,
        -1.8654694557189941,
        -12.646062850952148,
        1.0
      ],
      "name": "623A5784"
    },
    {
      "name": "Object_89"
    },
    {
      "children": [
        91
      ],
      "matrix": [
        0.9664890316745414,
        0.1941967909141957,
        0.16788852864753903,
        0.0,
        0.247711942079583,
        -0.8771347919833308,
        -0.41142842687826114,
        0.0,
        0.06736278946101248,
        0.43922905538111606,
        -0.8958460199749978,
        0.0,
        -8.92226791381836,
        -2.3215219974517822,
        -11.767975807189941,
        1.0
      ],
      "name": "623A5785"
    },
    {
      "name": "Object_91"
    },
    {
      "children": [
        93
      ],
      "matrix": [
        0.9678476536543975,
        0.23964246839210437,
        0.07643563735991667,
        0.0,
        0.24889041720977093,
        -0.8684122869824911,
        -0.42885155944567377,
        0.0,
        -0.036393399632674975,
        0.4340870732477291,
        -0.9001355082999434,
        0.0,
        -8.957955360412598,
        -2.753995180130005,
        -10.896300315856934,
        1.0
      ],
      "name": "623A5786"
    },
    {
      "name": "Object_93"
    },
    {
      "children": [
        95
      ],
      "matrix": [
        0.9581769028907356,
        0.28574021558622,
        -0.01579721378782259,
        0.0,
        0.24896566061053346,
        -0.8595359239538161,
        -0.4463340624124723,
        0.0,
        -0.14111386396622524,
        0.423734025810532,
        -0.8947269710738139,
        0.0,
        -8.8829984664917,
        -3.194340467453003,
        -10.019657135009766,
        1.0
      ],
      "name": "623A5787"
    },
    {
      "name": "Object_95"
    },
    {
      "children": [
        97
      ],
      "matrix": [
        0.9357527514244617,
        0.33357400511300533,
        -0.11443413526749041,
        0.0,
        0.24626264502102885,
        -0.8503544599812247,
        -0.4650290335638045,
        0.0,
        -0.2524311745185137,
        0.406971344817922,
        -0.8778683424228804,
        0.0,
        -8.694954872131348,
        -3.6540348529815674,
        -9.07618522644043,
        1.0
      ],
      "name": "623A5788"
    },
    {
      "name": "Object_97"
    },
    {
      "children": [
        99
      ],
      "matrix": [
        0.9086394593474029,
        0.37112289837043094,
        -0.19142133429163577,
        0.0,
        0.2433998954298074,
        -0.8431837614367799,
        -0.47937212617556557,
        0.0,
        -0.33930933353154047,
        0.38898449680476255,
        -0.8564813117773951,
        0.0,
        -8.412886619567871,
        -3.99322772026062,
        -8.346051216125488,
        1.0
      ],
      "name": "623A5789"
    },
    {
      "name": "Object_99"
    },
    {
      "children": [
        101
      ],
      "matrix": [
        0.852416077431433,
        0.4243837761867018,
        -0.3054263273621391,
        0.0,
        0.23483233121570196,
        -0.8326466314451249,
        -0.501550957888513,
        0.0,
        -0.46716229209152577,
        0.3558061236862028,
        -0.8094204069549953,
        0.0,
        -7.8430914878845215,
        -4.48048734664917,
        -7.276224613189697,
        1.0
      ],
      "name": "623A5791"
    },
    {
      "name": "Object_101"
    },
    {
      "children": [
        103
      ],
      "matrix": [
        0.7742935771282076,
        0.4756256532945625,
        -0.4174322631830523,
        0.0,
        0.22291320198544937,
        -0.8223451118664964,
        -0.5235057032830432,
        0.0,
        -0.5922661232913788,
        0.3122959412438786,
        -0.7427597756233175,
        0.0,
        -7.042965888977051,
        -4.9112982749938965,
        -6.276815414428711,
        1.0
      ],
      "name": "623A5792"
    },
    {
      "name": "Object_103"
    },
    {
      "children": [
        105
      ],
      "matrix": [
        0.6532630914722254,
        0.5294704961819771,
        -0.5412100581040248,
        0.0,
        0.20391094216848205,
        -0.8114397924089216,
        -0.5477095863314132,
        0.0,
        -0.7291554436360691,
        0.24743980473678207,
        -0.6380484950595136,
        0.0,
        -5.930958271026611,
        -5.421779632568359,
        -5.098816871643066,
        1.0
      ],
      "name": "623A5793"
    },
    {
      "name": "Object_105"
    },
    {
      "children": [
        107
      ],
      "matrix": [
        0.5514625540140735,
        0.5607782369731659,
        -0.6175895242453053,
        0.0,
        0.1879758332324508,
        -0.804832137415193,
        -0.5629478809838943,
        0.0,
        -0.8127448170495095,
        0.19435277080854477,
        -0.5492475424052434,
        0.0,
        -5.002406120300293,
        -5.786200523376465,
        -4.312593460083008,
        1.0
      ],
      "name": "623A5794"
    },
    {
      "name": "Object_107"
    },
